cube_1: 0.05843144852295821
cube_2: 0.13568995236545262
cube_3: 0.20018828658791754
cube_4: 0.30408654408407
cube_5: 0.3834120076972233
cube_6: 0.46126541900512835
cube_7: 0.5081316293087028
cube_8: 0.5042851138604112
cube_9: 0.631862501356832
cube_10: 0.7251238850043038
cube_11: 0.8191845640488534
cube_12: 0.8451670331528888
cube_13: 0.8933946840519241
cube_14: 0.9562605286694459
cube_15: 1.0200338332285606
cube_16: 1.0604413209361274
cube_17: 1.0910365243919238
cube_18: 1.1924204485475307
cube_19: 1.16731554463902
cube_20: 1.2636396840762516
cube_21: 1.2546197385308822
cube_22: 1.2953646025353798
cube_23: 1.2938905782461603
cube_24: 1.4067152740674937
cube_25: 1.3890242373068291
cube_26: 1.423033766927106
cube_27: 1.3581409951147525
cube_28: 1.493513373089375
cube_29: 1.4331997112255044
cube_30: 1.4549015337272002
