cube_1: 0.09410417644298451
cube_2: 0.172750456764895
cube_3: 0.2337314047182491
cube_4: 0.30838354894517317
cube_5: 0.37200635780823393
cube_6: 0.43326484578895846
cube_7: 0.48494997914645294
cube_8: 0.5335552994917646
cube_9: 0.4823322295962457
cube_10: 0.5172545238091019
cube_11: 0.5686087063769161
cube_12: 0.6129443939692372
cube_13: 0.6790908836785604
cube_14: 0.702192731669717
cube_15: 0.6969577972197322
cube_16: 0.7421354427118175
cube_17: 0.7207700556551614
cube_18: 0.7395455290663602
cube_19: 0.7544131069088719
cube_20: 0.6938922663256775
cube_21: 0.7034082088812023
cube_22: 0.715800936008599
cube_23: 0.8052326515629515
cube_24: 0.8164793164290298
cube_25: 0.8226014432799212
cube_26: 0.832661630067931
cube_27: 0.8373428486382786
cube_28: 0.8425626985212469
cube_29: 0.8455203284303765
cube_30: 0.8522152934640772
