simplex_5: 0.32204770636588037
simplex_10: 0.5331942419133201
simplex_15: 0.6766436121066249
simplex_20: 0.6869166357254969
simplex_25: 0.811025624197219
simplex_30: 0.829764619159595
simplex_35: 0.8364293281093431
simplex_40: 0.8579252792308899
simplex_45: 0.8765994050218442
simplex_50: 0.8670036892135422