simplex_5: 0.45182609382291755
simplex_10: 0.8839389460223146
simplex_15: 1.0960569087946663
simplex_20: 1.4041593574412108
simplex_25: 1.617142112194055
simplex_30: 1.8131487504183748
simplex_35: 1.776755174443761
simplex_40: 1.7943327244800011
simplex_45: 1.8006217292113005
simplex_50: 1.9129223907027237